drawLine(926.0,1442.0,854.0,1451.0)
drawLine(854.0,1451.0,785.0,1458.0)
drawLine(785.0,1458.0,716.0,1472.0)
drawLine(716.0,1472.0,675.0,1476.0)
drawLine(675.0,1476.0,633.0,1483.0)
drawLine(633.0,1483.0,583.0,1517.0)
drawLine(583.0,1517.0,519.0,1526.0)
drawLine(519.0,1526.0,441.0,1532.0)
drawLine(441.0,1532.0,378.0,1541.0)
drawLine(378.0,1541.0,322.0,1548.0)
drawLine(322.0,1548.0,328.0,1572.0)
drawLine(328.0,1572.0,299.0,1612.0)
drawLine(299.0,1612.0,248.0,1627.0)
drawLine(248.0,1627.0,183.0,1642.0)
drawLine(322.0,1548.0,297.0,1547.0)
drawLine(322.0,1548.0,278.0,1501.0)
drawLine(278.0,1501.0,282.0,1461.0)
drawLine(282.0,1461.0,283.0,1406.0)
drawLine(283.0,1406.0,293.0,1365.0)
drawLine(283.0,1406.0,328.0,1378.0)
drawLine(328.0,1378.0,293.0,1365.0)
drawLine(293.0,1365.0,298.0,1293.0)
drawLine(298.0,1293.0,303.0,1239.0)
drawLine(303.0,1239.0,313.0,1190.0)
drawLine(313.0,1190.0,318.0,1140.0)
drawLine(318.0,1140.0,323.0,1104.0)
drawLine(323.0,1104.0,362.0,1128.0)
drawLine(323.0,1104.0,341.0,1067.0)
drawLine(341.0,1067.0,372.0,1058.0)
drawLine(372.0,1058.0,410.0,1059.0)
drawLine(410.0,1059.0,459.0,1057.0)
drawLine(459.0,1057.0,511.0,1049.0)
drawLine(511.0,1049.0,558.0,1044.0)
drawLine(558.0,1044.0,608.0,1040.0)
drawLine(608.0,1040.0,668.0,1033.0)
drawLine(668.0,1033.0,698.0,1033.0)
drawLine(698.0,1033.0,687.0,1091.0)
drawLine(687.0,1091.0,681.0,1133.0)
drawLine(681.0,1133.0,678.0,1142.0)
drawLine(678.0,1142.0,677.0,1164.0)
drawLine(677.0,1164.0,670.0,1206.0)
drawLine(670.0,1206.0,663.0,1260.0)
drawLine(663.0,1260.0,713.0,1272.0)
drawLine(713.0,1272.0,749.0,1266.0)
drawLine(749.0,1266.0,799.0,1263.0)
drawLine(799.0,1263.0,822.0,1264.0)
drawLine(663.0,1260.0,659.0,1336.0)
drawLine(659.0,1336.0,655.0,1403.0)
drawLine(655.0,1403.0,633.0,1483.0)
drawLine(698.0,1033.0,745.0,1026.0)
drawLine(745.0,1026.0,796.0,1019.0)
drawLine(796.0,1019.0,848.0,1039.0)
drawLine(848.0,1039.0,895.0,1058.0)
drawLine(796.0,1019.0,792.0,966.0)
drawLine(792.0,966.0,830.0,940.0)
drawLine(792.0,966.0,772.0,901.0)
drawLine(772.0,901.0,756.0,906.0)
drawLine(772.0,901.0,779.0,845.0)
drawLine(779.0,845.0,791.0,777.0)
drawLine(791.0,777.0,785.0,728.0)
drawLine(785.0,728.0,756.0,668.0)
drawLine(756.0,668.0,730.0,653.0)
drawLine(730.0,653.0,688.0,649.0)
drawLine(688.0,649.0,630.0,649.0)
drawLine(630.0,649.0,586.0,645.0)
drawLine(586.0,645.0,625.0,606.0)
drawLine(586.0,645.0,555.0,638.0)
drawLine(555.0,638.0,501.0,634.0)
drawLine(501.0,634.0,437.0,628.0)
drawLine(501.0,634.0,542.0,570.0)
drawLine(437.0,628.0,397.0,629.0)
drawLine(397.0,629.0,353.0,629.0)
drawLine(397.0,629.0,391.0,574.0)
drawLine(391.0,574.0,377.0,516.0)
drawLine(377.0,516.0,372.0,471.0)
drawLine(372.0,471.0,368.0,441.0)
drawLine(368.0,441.0,402.0,437.0)
drawLine(402.0,437.0,480.0,417.0)
drawLine(480.0,417.0,517.0,403.0)
drawLine(596.0,1328.0,545.0,1337.0)
drawLine(347.0,1373.0,328.0,1378.0)
drawLine(611.0,1394.0,600.0,1334.0)
drawLine(600.0,1334.0,553.0,1263.0)
drawLine(553.0,1263.0,503.0,1223.0)
drawLine(503.0,1223.0,471.0,1211.0)
drawLine(471.0,1211.0,410.0,1211.0)
drawLine(410.0,1211.0,357.0,1245.0)
drawLine(357.0,1245.0,338.0,1296.0)
drawLine(338.0,1296.0,337.0,1328.0)
drawLine(337.0,1328.0,347.0,1373.0)
drawLine(347.0,1373.0,362.0,1403.0)
drawLine(362.0,1403.0,399.0,1448.0)
drawLine(399.0,1448.0,441.0,1478.0)
drawLine(441.0,1478.0,481.0,1496.0)
drawLine(481.0,1496.0,556.0,1490.0)
drawLine(556.0,1490.0,598.0,1448.0)
drawLine(598.0,1448.0,608.0,1398.0)
drawLine(608.0,1398.0,596.0,1328.0)